%YAML:1.0
---
calibration_time: "Sun 15 Jan 2017 09:29:40 PM CST"
nframes: 24
image_width: 1280
image_height: 720
board_width: 9
board_height: 6
square_size: 9.1000002622604370e-01
aspectRatio: 1.
flags: 2
camera_matrix: !!opencv-matrix
   rows: 3
   cols: 3
   dt: d
   data: [ 8.9191249947832193e+02, 0., 6.3590405695245408e+02, 0.,
       8.9191249947832193e+02, 3.6069277105432741e+02, 0., 0., 1. ]
distortion_coefficients: !!opencv-matrix
   rows: 5
   cols: 1
   dt: d
   data: [ 1.2668682068947273e-01, -3.7028940660807003e-01,
       1.5944056781547846e-03, 1.2077961314846547e-03,
       2.9971962346719278e-01 ]
avg_reprojection_error: 6.9083739317673520e-01
per_view_reprojection_errors: !!opencv-matrix
   rows: 24
   cols: 1
   dt: f
   data: [ 9.87521410e-02, 1.33079171e-01, 2.08350480e-01,
       1.98400781e-01, 1.97567701e-01, 2.00789616e-01, 1.57036722e-01,
       1.36925042e-01, 2.05150858e-01, 1.85329169e-01, 1.49869442e-01,
       1.72530368e-01, 9.57651064e-02, 1.01023249e-01, 1.21374413e-01,
       1.58037305e-01, 1.42759457e-01, 1.41665384e-01, 1.92384720e-01,
       1.73807427e-01, 1.73020676e-01, 3.22088391e-01, 2.59818703e-01,
       3.27483726e+00 ]
extrinsic_parameters: !!opencv-matrix
   rows: 24
   cols: 6
   dt: d
   data: [ 3.0817945333954189e-01, -2.3909514273185015e-01,
       -3.1080330052066496e+00, -6.4423438709519480e+00,
       -1.2825342852554069e+00, 4.1476239839713024e+01,
       9.5892470903703536e-02, -2.1883078193321284e-01,
       -3.0517875912344863e+00, -7.5102601393742630e-01,
       -1.1612639289783262e+00, 2.6945383526420084e+01,
       3.6550335837364656e-01, -2.1273993989657103e-01,
       -3.0341205410428773e+00, -5.1869567087713060e+00,
       -1.4559635320977014e+00, 2.2004862912294346e+01,
       -2.2438628190245305e-01, -2.3074237992417812e-01,
       -3.0931587414310657e+00, 5.2055154085500419e+00,
       -1.4343500138688594e+00, 2.0291261985385169e+01,
       -2.9373643500723284e-01, -2.1956658870969978e-01,
       -3.0821868673762349e+00, 1.2553080103661726e+01,
       -1.1236724924165609e+00, 2.0070995116294654e+01,
       7.8838340177850269e-02, 2.2467621655545944e-01,
       1.6092841676741272e+00, 5.8867745211240496e+00,
       -6.3885461785749653e+00, 2.2397806705341345e+01,
       1.2973049677615981e-03, 1.6023546029363930e-01,
       1.4895498963437339e+00, 9.0398498724231597e+00,
       -6.0729382596721351e+00, 1.8320832993473569e+01,
       -2.0811784384388268e-01, -7.9117653237925217e-02,
       1.5660138760186504e+00, -1.2340281721089749e+01,
       -6.7289121413370756e+00, 2.8654388055976035e+01,
       1.7638499227278551e-01, 3.3400215163487729e-01,
       1.5684056763126673e+00, -1.3329189790423856e+01,
       -6.8222008093219779e+00, 3.0570372030802211e+01,
       1.0818542126195350e-01, 1.8629286219976054e-01,
       1.6383371940958156e+00, -1.2725334611635024e+00,
       -6.8402159109918479e+00, 2.4807662381464684e+01,
       -8.8524978179474519e-03, 2.6532639735815755e-01,
       1.6319827406020713e+00, -1.2759611392870913e+00,
       8.4172180930602736e-01, 2.4589681236100670e+01,
       -1.2947657773065913e-02, 3.2955576766632311e-01,
       1.6383210258868954e+00, -1.0849533117709843e+01,
       7.9803230589174334e-01, 3.1747820792154823e+01,
       -3.5493020091642341e-01, -2.3650958464469934e-02,
       1.6600816147923358e+00, -1.1215361938300767e+01,
       7.6053736642263758e-01, 3.3729435361885706e+01,
       -1.6576758250871226e-01, 1.1707220533323033e-01,
       1.5530866471662932e-01, -1.2462412467372397e+01,
       6.3138576918767537e+00, 3.6781025425435928e+01,
       -1.7462655406767763e-01, 9.2664199407180986e-02,
       1.5693315771033185e-02, -1.2546490081397597e+01,
       6.8393852154596448e+00, 3.6686198139495744e+01,
       -1.7690736836551962e-01, 2.8946197320732836e-01,
       2.1057291057813416e-02, -1.2770651371239211e+01,
       6.7374017754042352e+00, 3.4264265631062578e+01,
       -1.0226507055836927e-01, 1.3433934593332345e-01,
       4.5849858555478844e-02, -7.2235704994836780e-01,
       2.4497032584104081e+00, 2.3995522989579065e+01,
       -1.1247531117477320e-01, 2.8104873286525478e-01,
       9.2983847482474791e-02, 5.6297704936623107e+00,
       2.1426094422454649e+00, 2.3431861706469249e+01,
       -1.4635001904502851e-01, -5.3461682401870367e-02,
       7.3660151298396176e-02, 5.4358098583362846e+00,
       2.1536577276326461e+00, 2.3716361305013788e+01,
       -4.8724724379454656e-03, 2.6029221753454673e-01,
       1.3360389142333778e-01, -1.0852624634961780e+01,
       1.0256742003643003e-01, 3.0171482849587395e+01,
       1.6914658601118683e-03, -4.3928384255166236e-01,
       1.8642946217246620e-01, -9.6321372763025845e+00,
       -8.6309513064095900e-01, 2.0934954858155397e+01,
       -7.5626699862127800e-03, -6.5519142941736400e-02,
       4.8751699243413597e-02, -4.5182530691164544e+00,
       -3.2215261484528721e+00, 1.1018093906793309e+01,
       -7.2733802163156766e-02, 2.4146216173035369e-02,
       1.8656720992429727e-02, -2.0068072210630539e+00,
       -2.6772101094368400e-01, 1.4693125554767697e+01,
       -1.9501682961959110e-01, 2.8146674862318161e-01,
       2.7695865430543521e-02, 4.0856330723908387e+00,
       7.7664724719503715e+00, 6.5825633520159926e+01 ]
