%YAML:1.0
---
calibration_time: "Sun 26 Feb 2017 12:43:24 AM CST"
image_width: 640
image_height: 480
board_width: 9
board_height: 6
square_size: 9.1000002622604370e-01
aspectRatio: 1.
flags: 2
camera_matrix: !!opencv-matrix
   rows: 3
   cols: 3
   dt: d
   data: [ 5.0104626173378915e+02, 0., 3.1828279225203590e+02, 0.,
       5.0104626173378915e+02, 2.4155032196816956e+02, 0., 0., 1. ]
distortion_coefficients: !!opencv-matrix
   rows: 5
   cols: 1
   dt: d
   data: [ 1.4377637253218831e-01, -1.6807616936810338e-01,
       -9.8041646722521621e-04, 9.6262860148182343e-04,
       -2.9835841276523195e-01 ]
avg_reprojection_error: 2.3199347646042900e-01
