%YAML:1.0
---
calibration_time: "Sun 26 Feb 2017 01:04:33 AM CST"
image_width: 640
image_height: 480
board_width: 9
board_height: 6
square_size: 9.1000002622604370e-01
aspectRatio: 1.
flags: 2
camera_matrix: !!opencv-matrix
   rows: 3
   cols: 3
   dt: d
   data: [ 4.9109075346867706e+02, 0., 3.2114105781213766e+02, 0.,
       4.9109075346867706e+02, 2.3874118685332553e+02, 0., 0., 1. ]
distortion_coefficients: !!opencv-matrix
   rows: 5
   cols: 1
   dt: d
   data: [ 1.4402897119193725e-01, -3.2916650117804924e-01,
       2.3317444119964840e-03, -3.5190955536232841e-04,
       1.7801214076925562e-01 ]
avg_reprojection_error: 2.9877665126154640e-01
